5000
1	1	2
1	1	4
9447	5030	352
4886	13680	319
7374	13062	648
11436	7445	143
12510	4746	381
6547	4439	246
5281	10596	579
11562	6580	751
3015	2119	387
8641	6183	1226
11993	13169	136
7176	6375	1111
4207	12826	826
10178	8049	1122
3929	11265	376
8217	1331	530
9209	13230	520
720	14326	1334
470	1142	42
11794	9492	1201
5842	715	1096
10629	14926	935
125	11402	1122
13181	3950	516
11695	14214	421
1356	14403	892
13760	7277	296
3441	817	624
9843	10372	384
5590	10655	1164
12260	5262	1226
2488	5590	445
5767	9190	1122
7060	1866	1111
1477	12783	565
7816	481	745
3791	8870	508
10538	11618	738
12890	819	536
11586	122	65
2754	9600	62
11866	1650	1142
10814	8165	93
18	4043	1008
4161	10447	93
2787	9675	1058
13260	3807	751
1609	715	1096
8776	9637	751
7745	4207	5
9766	5590	180
14819	5011	565
4020	8269	721
11374	11411	856
10794	12414	71
22	5305	1088
6798	842	1263
11082	5330	1096
7645	8443	1111
12041	5590	748
8459	12711	1226
4897	2331	316
8297	14104	495
14490	5590	748
5244	7113	1122
8004	9225	650
1631	1566	1142
7928	1478	844
13405	8459	1296
8138	11439	143
4328	3198	136
6589	5981	597
10733	3325	1
8593	8645	316
7818	3325	902
2370	5590	948
2832	3625	1273
8542	173	653
6496	4144	898
9410	12531	589
4064	9732	1226
3905	9332	588
3533	12250	143
3622	14265	1226
11899	8269	721
9333	10959	495
1275	5929	595
12446	12950	1122
2787	11765	1058
6905	8635	200
530	11141	71
2001	8114	1296
83	7555	381
4646	5241	748
7280	8269	721
328	8394	856
13941	4166	793
1447	8898	481
2468	2344	330
11446	2445	482
881	582	193
1639	11344	1218
13123	3408	421
10077	13852	104
14859	10982	1058
8569	14326	1334
4684	1935	1014
6433	7348	565
7	2245	143
5975	8269	721
3805	8785	844
5483	8269	721
1846	4907	751
5358	6713	530
2241	13088	1138
1653	4153	712
5734	14890	1278
7520	5553	480
12007	12183	844
3070	10677	814
4423	7291	745
8895	14326	1334
12068	4851	180
4	5646	508
14928	14898	394
7706	1870	853
7733	5590	1096
11224	2051	368
1402	12223	514
9035	1304	508
11407	8269	721
14456	6543	485
9667	10980	1096
9447	3325	306
9972	13689	65
7245	733	935
1304	10980	53
9875	10861	844
1550	9943	1330
5358	9820	1328
14123	11379	1242
7026	7245	1226
6851	10661	1058
14254	1711	712
1726	3003	76
4352	7808	844
142	733	765
9511	5615	200
9031	5263	1122
14132	3389	1014
9565	10945	1142
9078	3457	748
8457	14072	1093
8269	8381	86
1903	11330	1088
10640	4961	58
4	7923	508
2204	10678	308
3493	3672	495
9760	9173	204
4042	2429	516
8190	5950	909
4167	8322	319
1110	10926	136
4078	11300	353
12290	8319	814
12557	8662	1111
5792	3929	52
7981	1141	511
2651	5358	330
8806	4697	58
9425	9163	1096
13139	9981	1226
4845	740	880
7060	5630	624
10683	6453	648
7264	696	136
13229	7591	1119
760	760	623
6417	8935	5
8276	12075	1339
4611	3414	248
11231	12126	866
8403	6432	193
1441	6872	565
9972	7833	65
13215	600	910
3068	4505	589
888	8603	1275
12027	3325	946
9013	485	978
717	10663	624
13517	6800	700
5099	14214	78
13734	915	815
9792	13810	886
14142	14242	589
12366	9894	589
8436	6872	565
14015	3155	520
8082	9171	751
12647	3896	751
11258	13430	624
4842	13985	1096
11255	3312	624
13694	10351	1259
14925	10771	1147
52	2119	387
13088	8937	277
4431	6480	473
2204	9265	589
7968	4626	892
6185	9545	1111
9517	9374	104
6619	294	565
1095	14092	622
6067	3877	858
4285	14458	1053
1250	14326	1334
11649	282	589
9825	3314	1296
9781	11019	86
13338	5936	516
8225	3921	1122
5053	14245	485
12972	5154	508
5291	7338	856
5032	10233	895
8340	875	1122
3994	4282	624
133	7374	844
13043	12223	577
8723	6762	45
6547	13646	246
7799	11590	516
205	143	1142
6399	6681	1226
2377	4007	93
6931	12200	1122
468	10667	597
6601	9645	204
696	2643	1111
1760	13417	926
11690	3739	1079
7374	1865	65
9972	6594	65
10696	9407	1014
470	4984	42
1592	3221	935
4994	12577	1201
12658	14289	1122
13780	12449	1278
9853	14277	1296
11691	6323	200
3052	5258	1142
8116	12153	1180
4002	8269	721
2547	4484	1226
9404	6987	1279
5372	14499	508
2420	11876	526
1350	7730	1340
1752	10479	516
3200	10861	844
1650	1932	1014
12263	3494	1096
6336	11720	429
3066	5590	748
7242	2523	940
4476	1765	104
10132	4391	506
3476	3997	589
8645	7564	845
1829	14926	765
1810	2890	444
8269	10506	86
14713	12677	1171
1816	14500	1122
5362	4688	1096
14407	5330	1096
6354	13687	229
13001	6372	472
6129	14917	624
2294	10833	329
14772	56	368
7937	6547	887
9725	6951	204
9426	673	1142
12495	13388	136
12385	12480	104
156	14613	1226
7661	8135	1122
272	3656	827
11980	11380	805
4548	3325	1255
5670	13831	973
628	7584	143
4	1020	508
7940	13543	1164
7476	3729	1142
5709	7910	858
6768	14933	493
14341	5992	1142
46	10959	1142
1415	276	204
4219	6322	200
6906	3554	1053
10256	4289	1111
9508	343	326
4164	13380	1157
220	8259	745
4464	13973	190
9589	7969	1088
4232	6781	1194
9941	1026	1263
8230	12001	93
10821	5363	1008
3289	8382	573
13527	11648	751
1176	5239	52
10151	6158	180
12864	12864	140
7047	7388	864
462	530	216
11553	450	93
14517	10451	699
14132	203	1111
255	1377	1263
5713	4773	1122
5157	3063	298
5086	13642	508
10683	3591	65
7730	1754	319
734	14210	887
7829	10941	1296
8395	11741	1122
1894	13282	93
2427	7452	495
9979	7654	745
5418	3430	1044
5321	1904	52
8109	1999	516
8656	10571	624
4023	5590	1096
470	12677	42
14671	10224	355
6540	2758	93
10905	5177	1111
7637	13208	624
2215	12876	1122
8708	6856	748
5358	892	3
2980	14764	1138
11129	14260	1122
211	6360	923
10262	9954	516
5709	6456	858
13013	14837	1340
8897	5590	53
7452	265	1111
4502	14398	565
11115	6981	595
11230	3976	523
8645	8827	52
10132	4358	153
14389	2727	1168
14198	13207	1122
8406	13929	1142
4297	5012	751
11518	6547	381
5842	12153	1096
4415	1068	508
8071	5634	1052
3102	6998	1014
10200	13924	319
4	898	508
13064	10619	123
13429	13057	297
5408	7585	565
205	7701	875
1257	1617	1111
4	11449	508
8269	316	86
14372	11976	1053
12381	2793	853
12954	11777	1122
4	5837	508
470	9628	42
607	6759	136
10515	7583	597
3628	2982	973
5218	9426	624
1784	1020	624
12807	9261	751
6077	1483	421
12063	8895	1226
7204	11032	204
7896	14315	1058
4743	13857	1226
5072	7285	78
11136	6780	74
12291	496	1164
5488	678	712
347	13926	1226
3850	14104	1142
8149	14917	624
12557	13052	1111
3287	1156	1122
12731	7619	854
7775	12972	565
9520	6917	74
3810	12297	461
14013	470	684
6416	3411	853
2921	7386	384
2344	2674	472
4745	9009	844
2316	1266	336
168	8723	875
6872	10080	508
10332	332	853
5590	8122	261
3025	3025	140
11489	5776	926
10827	14326	1334
3630	8058	624
3924	7555	192
8131	12223	514
8966	3559	384
424	7524	1079
5935	5568	1226
6941	6856	53
8035	1732	1340
8595	7581	382
8883	11188	1111
3529	733	935
3372	7313	382
12832	9932	1111
6363	13141	1142
1972	265	745
143	6112	624
2055	13088	1138
4078	12804	353
3155	7706	384
814	4439	1244
7770	12664	93
9418	7779	844
3595	2754	856
7529	9391	229
11194	13056	520
3650	9034	844
9621	1809	622
14683	2346	1132
9695	4049	780
2845	14925	265
2190	14539	1096
13506	13062	597
7969	14845	745
6976	6436	624
9114	3325	346
4687	8269	721
11465	6278	863
14330	909	1147
5516	12443	472
8729	3301	336
2643	14438	495
867	7776	861
7376	4153	109
11198	13952	1207
288	7969	1088
11066	14187	319
3433	14274	1137
13598	4476	143
10292	14067	516
5773	12245	868
12643	14933	1096
2882	3457	1096
7424	1308	1122
10355	9817	1111
3272	10665	269
6781	3055	723
8935	4578	826
7281	8269	721
10926	3839	1111
5358	13258	193
1557	5316	368
10824	6158	180
10592	7153	470
13731	5784	751
5208	6856	53
3289	7273	461
4807	11948	805
2324	8650	248
12182	5341	745
1241	7374	844
12882	13436	204
13150	5590	1243
4645	1207	938
4993	13678	402
9118	6815	565
8713	2731	589
3779	10873	725
9041	2536	595
3675	9329	195
244	8645	1096
3142	7772	1144
4209	3325	1255
13558	13088	1138
9972	10232	65
7201	9244	778
7297	11644	589
12152	9373	34
8608	9447	316
4746	3778	246
14805	825	204
14772	8697	589
13840	14904	93
7558	12892	1164
10458	1470	190
4	4560	508
4915	5590	748
2187	7555	387
14271	13088	1138
14869	6900	1296
10817	14112	853
8508	8269	721
6735	6184	588
12770	9717	1104
10555	7066	1111
8336	3466	1111
969	8263	1147
162	1470	190
8785	14114	65
13502	13169	136
13568	10808	875
13203	3325	346
7356	468	269
11456	440	143
2334	3694	1142
12395	3041	969
3557	8714	751
13818	6217	923
1384	1438	44
5228	3297	511
6540	9680	93
11877	14148	1340
10349	4219	269
4277	7701	1142
13468	9991	875
20	14029	653
10565	5218	136
60	9517	1296
7868	7268	589
6452	743	1278
7162	2409	887
6166	6091	567
351	6658	508
14016	12565	648
1470	1752	470
9974	3069	1201
9152	13056	520
6323	5590	748
5888	5355	1226
14347	5938	875
9034	8808	65
11368	13974	520
11039	12557	136
9581	13545	745
3506	14479	583
11333	5042	1164
13678	9985	1273
13098	173	653
6615	14920	727
7933	12186	915
8909	6781	1194
5825	3219	1207
10363	14484	1014
1530	12126	472
5687	6158	180
10965	4358	1044
7585	700	508
6406	7963	242
4626	8219	429
8647	12443	472
14398	8953	508
14065	13644	520
14243	5867	1142
10255	5590	1096
4598	13694	326
9781	12152	86
10421	5862	336
5859	12336	971
7946	530	543
7910	4872	316
8432	8860	1111
11408	11111	1273
11526	14484	968
8622	9325	1296
1470	4475	193
6255	6361	826
14790	3739	327
9874	6248	1142
5127	5376	870
2176	5590	53
7671	13088	1138
7414	4224	892
1731	330	1079
163	8179	1201
3340	2312	858
12812	10119	624
7963	6545	814
7221	10578	1339
82	2119	192
8424	4738	624
9957	5938	384
11419	13001	472
12487	14933	1096
8807	9673	495
9163	10752	1079
7869	5446	578
457	14826	1171
2156	2829	336
9781	11175	86
7221	7416	1164
6506	4535	1096
9648	10619	1278
5954	4358	991
11775	13041	923
3064	13114	579
4358	8643	725
2088	6362	1093
1214	14406	745
4415	13224	508
6098	5891	136
14347	12790	565
8269	11696	86
3839	10355	495
8454	1701	319
12219	14786	1226
7248	8269	721
14179	3405	384
11255	11474	624
7550	5976	160
4330	12223	514
11148	12678	136
12059	9824	844
12329	107	648
7467	14461	923
8647	3573	1328
5795	3325	637
12537	14165	1122
9673	3763	853
6083	1327	508
10515	4608	589
8919	80	143
8269	12579	86
4171	1881	416
12499	9991	875
6232	1680	885
5110	6710	1122
12730	6089	143
447	12245	1005
5941	4887	495
616	436	969
6828	8877	93
4913	4145	751
3630	8826	624
7820	7008	790
11640	1242	143
1867	7649	1164
2089	7475	1122
10710	14092	622
13537	11216	463
7991	8604	1122
7105	10066	1122
7107	12714	376
1361	14213	853
12608	6547	387
4537	10979	1011
14579	12213	971
14671	13485	1053
12833	4746	387
3160	13346	296
6371	2119	1307
5867	9341	1111
11943	9195	1053
13430	7202	461
13254	2617	624
13346	11478	792
12085	4744	595
5599	11368	875
2950	4541	859
4688	10011	1079
13001	5821	472
4062	5590	421
11963	10980	748
8739	7757	875
12444	12734	1111
4850	294	565
1330	3534	296
947	9265	745
11157	7782	1263
1923	10935	589
13453	5987	589
11717	10313	1142
7970	8337	1142
817	3441	1142
7165	2865	1296
8217	6324	530
1428	5923	969
1509	2270	71
10804	5358	595
14413	6261	571
2061	12138	93
4882	227	1122
6862	5462	864
4746	14402	246
2903	634	1164
3791	6510	508
5358	11903	472
7755	3460	516
11066	733	765
770	11593	65
7069	11876	693
7986	4626	892
2022	8345	495
12216	11460	898
4219	2784	597
2511	398	624
7963	9870	814
9714	6676	337
5415	8549	989
2592	4207	5
5933	6974	143
9202	7952	1014
520	1067	204
13212	8249	241
4	8734	508
12296	9282	429
692	11032	416
5325	5590	53
9433	11062	1058
14681	925	1142
3188	11942	241
7757	12537	624
6713	2004	472
9974	3198	136
134	12761	624
10255	10861	844
13857	13770	1042
947	2919	745
4362	12965	280
470	5822	42
5251	5786	1296
1026	7495	143
12951	5918	793
2844	2191	699
1064	11917	143
14209	470	684
4586	470	684
8269	1825	86
2565	6651	65
13288	612	1013
2890	5326	390
7475	10915	589
14287	2313	600
9811	4518	216
8837	10879	3
8695	12655	508
13475	4921	1142
1972	10889	745
8570	3527	1275
6326	13335	849
11894	2727	968
5890	7312	242
3167	7585	565
9981	2754	856
11004	3868	440
14419	1731	748
13055	5043	1273
8789	10320	565
14760	6256	421
10915	4358	991
14525	8027	1014
5297	12223	488
9781	1342	86
8259	4810	136
5358	11626	193
470	2607	42
4490	5358	530
8978	5800	536
2204	12139	461
3845	4407	597
5846	3325	946
3154	11326	74
2858	2119	192
8034	14013	3
14263	12026	565
9774	14540	143
6136	4797	973
10959	13616	1111
8138	6390	1122
5434	4797	751
9638	8336	136
10423	9071	508
190	1749	416
7706	450	853
7585	2758	508
11997	6872	565
819	7310	12
12015	3889	573
12723	13613	983
2592	7625	788
1447	11181	793
5241	2785	1339
6377	7744	136
13133	11245	744
11646	13388	136
6083	11331	508
6547	2115	1108
7562	3237	508
8598	12223	577
14015	6798	520
14326	13029	850
11641	12764	1096
6134	4415	565
887	9149	1122
12235	4514	910
2482	3451	725
10934	14326	1334
14575	5842	1111
13583	14057	93
1535	14764	1138
6626	5590	53
2119	12679	246
12798	4302	624
10367	2821	1296
11955	12746	368
8062	12223	832
9954	13868	93
13502	2744	1096
12399	3074	180
6677	5069	495
14211	8298	1111
7437	10254	926
11024	11368	875
13052	8645	1096
4723	7060	136
4601	6235	624
13551	11219	875
470	13988	42
4102	12231	844
8440	8599	648
5482	3005	591
13054	9146	1122
1361	5433	853
10580	12052	803
5305	9744	745
3867	2696	1096
9009	8166	62
2797	12554	910
8647	4808	3
3031	6438	441
7984	5548	689
4768	2119	887
9993	2299	199
12895	4746	387
12453	3847	622
10119	9781	721
7238	10888	199
552	8571	65
11274	123	508
7733	5590	748
2249	13948	311
7615	7989	1008
14090	7221	635
2253	1629	751
7562	8557	432
1972	9605	745
13835	2769	1147
13647	4	565
13559	11844	175
10508	12223	514
13180	1400	1014
11461	2109	815
4684	8032	853
10009	2784	573
14777	10862	624
8130	14578	991
13849	14933	316
9188	9501	923
10051	952	624
13158	4188	565
1025	12288	619
25	12795	296
1726	1112	27
4358	690	1147
1846	733	935
9824	7169	65
5258	13890	1111
6406	8055	1058
11196	13130	935
12230	13621	429
4	8032	508
13083	12832	136
362	14638	1142
2394	11718	1164
14707	4188	565
1416	9916	624
8596	4643	516
10634	9233	1142
1600	875	143
8647	1694	470
7555	2063	246
11287	5773	241
3673	2024	5
3902	5590	421
5728	10889	1111
9540	3567	1226
3385	5796	1103
9260	1815	89
2229	7742	93
9507	14063	923
14065	13112	1111
176	733	935
1937	2931	814
2344	12	193
13501	13346	296
6166	3393	204
13770	8785	844
11091	1650	136
10438	14152	589
503	9841	1088
8511	13966	1111
1767	2312	858
3351	10071	511
7418	7555	887
8011	13831	629
8269	860	86
9152	5507	520
12922	4746	381
4974	6547	387
13694	12638	1259
13597	14348	853
656	8093	877
13791	3024	1139
7603	14764	1138
9781	14396	86
13605	11129	143
11690	9461	52
1716	14214	54
12504	13017	360
4230	7544	195
1650	2241	624
2654	3325	668
2409	10465	314
9511	11610	1142
6446	6446	623
8662	6976	495
12658	4	565
8524	10980	1096
9687	8215	624
1264	13695	180
10865	4205	520
14162	11259	665
11033	2368	143
6901	4631	1201
14204	5590	948
11610	13689	1111
5239	14603	316
13272	6547	387
4341	14728	805
2762	3845	269
5867	1101	853
6105	1108	93
12111	3325	1292
6514	3694	1142
11606	14885	991
12565	5712	495
7447	12110	923
8269	5441	86
1568	11792	136
14065	4568	1111
1090	11368	1142
12245	10804	334
1147	9163	635
13243	12671	625
7214	2692	1273
12506	11690	333
3750	2825	875
5462	6862	166
6256	13914	52
9985	262	910
11538	9954	516
10430	3791	565
231	7510	65
13381	8222	472
1079	14764	1138
4994	1161	136
11387	12729	190
6926	5938	136
4730	4535	1096
5649	12352	1058
8416	6856	421
10947	11669	242
1398	6856	233
7754	5590	53
3858	543	76
459	5558	1104
2169	3407	1111
11005	14915	745
7466	6004	892
2309	3297	1249
13145	6981	484
424	2084	1164
7792	3325	637
11419	6981	530
13410	5590	1291
7584	12135	1122
14578	11613	1168
11607	947	1088
8579	11194	1142
10204	11766	803
2208	14625	1096
789	10980	316
2978	10504	887
13589	11563	429
540	1759	421
10452	424	748
5759	4607	200
1114	10480	751
7756	3617	1142
5256	1197	803
10982	10844	1122
9410	1592	589
9915	6083	565
2672	2119	192
1331	12126	472
2980	1582	1226
7529	5562	635
1284	11194	136
173	14019	314
1105	10525	388
12414	8387	448
5449	6197	336
12723	5850	983
239	14330	1053
1797	5514	304
7466	4284	1122
4188	14547	508
468	1527	597
14421	7346	62
7782	8340	1122
11782	1505	1263
14858	5764	898
12381	7541	624
2466	9733	1142
10965	11107	200
12026	1955	508
2527	7707	817
8511	13083	1111
905	11900	1207
309	13033	751
8015	13834	1096
988	10671	1122
12243	13394	1278
4568	1214	1088
1819	1509	887
13581	4308	751
470	14816	42
5076	2999	1145
6008	446	1244
9181	13178	1177
8269	5003	86
281	14840	1226
5796	3325	902
7621	6344	442
14755	470	684
11231	10231	530
818	2820	1053
11602	1631	624
9301	6856	1123
6405	3533	1321
12301	733	935
8803	12881	1058
5748	13744	1122
5515	2975	650
3729	13651	1111
1470	2120	472
11471	3325	56
6548	7391	485
7552	6856	856
3780	3154	3
188	12230	892
7160	3064	54
5928	8939	748
7374	10940	648
10144	996	1142
2705	12313	180
14123	6840	1008
4019	5241	1291
6055	8533	853
5989	3325	56
10731	13196	751
8934	10794	1013
4666	10090	444
3024	14752	74
13651	12349	495
9600	6140	136
8796	3559	1142
1266	8009	597
6442	3361	180
13207	7701	875
8564	12795	296
6980	12223	832
13985	11214	1164
5933	11188	589
8135	6974	1122
3073	3188	1122
8324	11690	1096
4415	9645	508
10861	5152	65
11116	12731	751
8188	14844	1142
9799	14132	495
11548	12276	204
13376	5267	938
14623	3742	1227
7348	12921	508
7804	9163	635
4	2242	508
10755	6869	1147
9430	12223	832
12523	9066	475
6044	14625	1096
6627	1470	484
14777	309	1014
12807	8924	969
4605	942	1296
11292	13534	1096
14492	620	1263
13651	7026	1296
413	12273	508
14028	9770	472
10090	6830	390
4600	3330	64
6971	3325	601
3220	12358	1296
14775	8257	910
254	3325	637
10452	12764	1096
11621	6727	890
470	8735	42
2696	12393	845
1492	9369	1008
1699	695	511
10329	10914	1201
354	2344	330
220	11148	745
5511	1972	1088
681	12245	1005
13428	13765	624
7773	470	684
12059	7853	1296
8393	9282	60
6833	8437	498
12231	6426	65
14253	2927	1142
3831	4485	1122
5723	10534	143
9824	11053	65
8016	13534	1096
10804	12126	484
13713	10526	199
12471	3325	902
6856	6006	1164
7555	11057	665
725	10243	296
14487	14725	1201
7677	13005	136
3036	7881	1340
6602	468	143
3342	1964	1296
7867	10495	582
5348	5590	948
12783	14182	508
14782	4874	624
6471	125	1122
8269	3578	86
4	9881	508
5590	5210	261
10642	9639	1227
11610	13336	624
2836	1042	1207
1656	2325	624
3198	10235	1111
10980	11976	1339
9987	1483	53
7549	2696	826
4358	12121	1147
7555	9264	246
6547	5895	246
9046	2931	104
12942	2713	495
4593	3914	65
9824	13303	65
2316	14777	136
5938	12071	853
8939	2313	600
12680	10476	65
1363	6547	887
10718	463	382
8963	7338	844
12216	3983	898
8761	6727	296
315	10861	844
6798	996	384
6525	10545	1164
6135	5218	136
9859	12443	330
10375	12423	1142
9888	5590	53
6395	9209	384
5590	1393	261
12309	2921	368
2983	13946	801
7015	12622	477
9371	4861	193
9781	9673	86
7374	4305	65
5041	13367	1144
2802	14926	935
5049	14777	1142
13952	3534	296
2934	612	653
7239	14292	1053
11473	256	1122
8081	8735	143
11489	10659	467
315	1686	751
2637	2906	329
10121	2119	381
6874	10619	654
13940	9749	508
9641	6083	565
10334	7201	799
2881	1709	838
6608	13500	316
1108	8520	204
12891	675	508
13103	9195	184
5969	2030	856
7562	14277	508
5241	4324	1164
5767	12537	1122
7616	438	1053
354	12656	565
4177	2127	74
1545	36	384
9908	6547	387
7859	6030	520
1219	5240	136
3625	4676	536
7919	10861	844
7313	7701	1142
6365	7371	516
10603	13597	875
9576	12578	751
10095	12231	844
11670	13817	475
12375	4415	565
837	12059	1340
4739	1646	65
10243	7486	1207
2734	12223	976
2613	13840	516
14065	12805	1111
624	9931	589
12843	11814	180
9781	7787	86
10701	2136	326
8386	8137	853
8377	6832	384
533	13088	1138
5510	7348	565
5590	5096	354
9540	4796	1122
14067	10106	93
7194	9035	565
14465	1878	1226
11427	11410	442
14837	13013	1321
14069	12306	1142
1831	5245	1207
10565	9665	751
14132	8622	1111
5495	6721	421
13278	12018	624
2031	7329	462
1322	12223	488
13144	10963	1278
9666	8107	143
1852	170	1226
461	1727	62
9425	552	844
2051	1313	384
14218	8124	1122
3064	10170	1164
11690	3844	1339
3321	8403	484
8939	11190	95
13884	5590	53
13616	4476	751
6856	8329	1164
3791	4048	508
2757	3325	1315
6183	1731	1096
14025	5769	1053
11544	10902	421
13695	14214	421
6981	2915	470
1478	2485	65
4232	2119	381
2377	8462	93
10	5173	597
2157	11781	74
587	513	1147
8621	9781	721
8393	14834	1045
1564	14056	1122
1404	8879	1226
5558	14452	225
2623	9072	421
7970	12730	1122
12685	14326	1334
14458	1896	961
9759	7221	748
12730	9307	1122
12558	2409	448
4224	1521	429
14852	733	935
13447	7397	1164
13622	4220	65
10101	13897	624
1384	13501	926
6632	8205	1111
9169	4415	565
637	13365	866
12526	9611	319
5910	1261	1014
10726	8837	472
13357	14464	856
10224	2625	751
4647	7544	195
10015	6256	635
6083	14186	508
1539	8655	710
4716	4716	1183
553	8367	520
9352	14631	1111
455	7610	229
7462	733	727
5903	8583	429
14869	14920	935
11745	7347	968
8462	8403	595
12767	5241	1096
1414	2668	1096
10796	3325	902
2335	6856	491
5472	7123	1001
4451	5802	143
5293	6083	565
8167	4275	1147
2828	3325	107
2150	13552	1096
12748	5196	594
5450	6547	192
8009	12241	751
8424	7988	1014
3968	3325	282
7117	612	1013
6985	13814	470
8491	2405	76
12265	5027	1096
8500	8734	208
4219	3365	200
9034	3342	65
8179	7729	461
7929	5521	530
5376	12221	589
13112	11608	1096
13694	6652	1259
2809	2006	336
1874	7511	520
10500	5590	1096
8110	12443	530
447	8655	1122
14398	7683	508
13327	1768	818
9322	511	751
1577	14847	436
6781	4229	723
14731	4746	381
4834	1242	1122
8082	1583	751
1926	2604	1226
3787	2505	280
12056	2331	1096
4609	1702	712
9018	4485	751
5942	7374	844
13194	12223	488
5655	1727	241
5333	12342	745
6856	1398	1164
6324	2536	530
1732	3911	1096
8935	7745	826
3341	3386	856
14560	2119	192
1713	3443	1096
7607	6856	53
11608	4207	5
8269	9287	86
12533	5008	1296
9196	11022	791
10793	7555	192
3083	284	1053
8850	7479	619
8027	9972	844
3643	1470	595
3650	8549	989
14500	4415	565
2565	12804	648
8590	3124	65
7757	14391	624
8797	8549	989
11741	13207	143
9702	470	684
4271	4271	140
1302	12649	745
2218	5947	875
1449	3964	751
5867	901	1014
10413	13554	1122
3744	12186	1013
13492	11883	1296
8518	4046	774
2931	2836	296
7814	1712	104
4949	7067	859
13818	5428	1296
12511	5590	1096
5873	12329	856
5163	11701	1207
11421	932	516
14037	470	684
3375	14478	1103
5181	8621	588
6798	1057	1263
9379	1972	1088
6727	6145	792
9499	5783	65
2145	7337	565
3467	14564	1226
3385	350	1103
11005	6841	745
12175	8605	143
13772	4726	1296
6981	6515	193
13782	12633	1096
10029	3070	345
11604	14549	382
1081	1730	751
2177	8626	1122
1045	6768	1282
13273	5590	635
12245	7829	512
10359	6432	508
4143	3341	462
400	1345	814
10792	6577	805
11496	4	565
9685	8248	908
4798	5008	1296
2536	637	866
5331	11741	751
13534	8490	648
3963	14082	167
6609	9781	721
2407	4674	583
3538	11722	1201
9517	303	1122
14011	8269	721
13708	715	1096
8602	8001	1263
13198	12419	93
1402	4692	1147
4263	12250	751
7610	10877	316
1481	8188	143
10355	10717	1014
14144	8269	721
5759	5476	589
10320	9585	508
4596	5241	635
5094	12443	330
3884	8299	269
5244	9705	143
14107	1667	853
10300	11276	973
947	10557	745
13915	8269	721
3602	5590	148
4643	8290	93
584	7128	774
5358	6458	472
3070	6368	814
6305	12577	429
14382	12186	653
5239	6106	316
13679	955	799
6783	8393	802
9554	5038	565
6247	12845	1052
3315	9252	1296
12531	5402	1201
12739	11312	624
7934	9371	330
10721	11953	745
1309	13974	520
6872	2940	508
6019	3552	589
12810	6926	1111
10865	6399	624
12292	3325	282
11274	7692	508
10173	8269	721
14154	4771	624
8393	5405	1045
3956	10243	296
7805	13686	1053
13694	10673	898
8406	842	1122
825	12538	1008
1595	978	329
12683	12890	991
2024	7221	826
7245	947	1088
14865	7221	635
3024	5358	330
1972	14240	745
7962	13088	1138
12946	11568	421
1261	14926	935
9393	4259	983
4482	5590	53
5030	1678	978
5938	14163	520
4612	8437	498
13656	957	461
5381	8718	1096
7295	11131	241
4236	8403	595
8049	10178	1122
6872	987	508
6872	1571	508
8393	4416	60
13515	11620	394
8269	13338	86
11566	648	751
9548	2761	973
4853	4684	875
6856	12714	845
12042	11258	136
7524	2331	635
13634	13027	516
13694	10010	1259
9571	13546	856
6059	12405	548
12096	10359	565
3985	1288	1058
4949	9967	859
10049	923	368
13103	7813	1079
4156	1356	1241
3292	6184	1044
10387	5590	53
8372	7794	298
3297	6979	844
2410	4626	892
11794	468	269
8994	6547	381
8429	12231	844
10313	9517	853
5086	13897	508
12329	8560	65
12878	8269	721
8393	5203	60
14794	911	589
2845	702	1104
2059	2407	891
4476	13004	1122
7060	5253	624
9704	7583	461
12428	3325	637
12891	4383	508
1092	4300	425
11586	4315	65
840	14162	1013
14118	1266	336
11740	3533	1122
1159	785	65
2054	13735	1171
9706	13534	748
12655	11527	588
12413	8093	880
2981	11219	384
6713	7711	530
6810	8269	721
10693	2833	1001
8345	301	624
4360	5740	143
4570	10207	461
7434	3560	319
6406	7970	1058
6872	12071	508
14472	7555	192
12249	6068	193
2268	198	588
3790	7585	565
10301	3064	54
5837	7511	368
9356	2960	826
1470	4808	193
5462	8269	721
8122	12008	1164
8855	3631	472
7571	6547	387
13694	3874	712
89	470	684
7285	7795	354
13531	3070	242
12847	7757	1142
7128	2344	595
12231	13257	65
12853	3538	589
2993	5246	1226
134	6882	624
12038	6856	53
4029	9329	700
12221	9517	1296
4460	294	565
13337	14893	1122
5035	11586	856
11656	2665	1164
9399	12214	461
9091	9649	368
14331	13005	136
12277	14104	875
9387	10665	269
7701	3233	624
12455	12290	242
7811	1425	178
12190	5590	53
8808	4291	751
3387	2815	892
8403	4464	470
5486	5772	336
11625	6882	1260
13441	8299	269
11961	12223	976
2410	9035	565
8269	10392	86
3630	1956	1111
4594	1958	805
6727	11621	792
1112	8893	516
7883	13662	631
2415	5501	793
7101	11026	1164
7721	10281	1226
4	14679	508
6856	14458	1164
5321	7107	52
3055	7555	192
8720	7969	1088
11258	170	1111
7106	4949	1028
14339	7555	887
5341	2696	1096
182	14326	1334
11487	13782	589
5959	14326	1334
14586	8448	143
50	10659	887
8240	2119	381
13549	6872	565
2955	8647	330
9974	65	495
14289	7212	204
12194	9572	665
14065	8179	853
10241	2557	508
4502	6202	1053
1327	8107	143
3845	14434	597
7701	2936	853
8105	2843	1027
11894	1656	384
5668	7510	1111
11259	13417	926
3927	2019	1133
3044	3164	1008
470	9098	42
470	11638	42
7197	2927	1142
9660	3325	1255
12211	7004	844
11778	5358	595
3960	2807	1340
3673	10223	421
8765	14214	54
12393	2696	1291
2327	58	814
10243	986	830
1570	13409	74
6985	1470	530
7166	14754	93
2269	4446	1226
1477	3773	639
8383	12445	1122
2787	8023	1058
14592	14443	143
11265	3457	786
12256	12223	832
7837	4326	761
12312	6976	1142
3500	715	1096
2263	6856	1096
13180	6915	1014
1549	14827	74
11315	795	477
12126	12497	3
5875	203	1257
3559	10303	520
6189	14222	93
2092	13428	136
7890	8678	470
8867	10332	1142
9697	2119	887
8639	13088	1196
10550	9781	721
3617	14692	1111
1369	14702	1273
4863	4207	5
7417	4037	78
3954	7555	387
8376	4	565
8264	10937	458
7316	7749	781
11398	5071	1263
1026	205	143
3382	8269	721
12280	3325	56
10644	11723	1164
2413	7581	1052
7910	2274	376
6736	6197	336
3515	5257	217
3469	1283	1014
9662	10992	200
4208	13780	853
7277	8845	1207
2313	2645	872
2086	4	565
315	9157	923
5634	8801	104
3291	12182	565
9133	9962	333
8744	14300	461
14316	14431	508
1260	1483	53
6922	8627	548
7216	5590	818
4928	12720	1164
8269	8899	86
10550	13013	382
3955	6736	1226
6324	5521	530
4876	11027	784
13929	6030	520
8059	424	1096
3630	5629	1014
13102	14132	495
1313	4513	624
12382	13088	1138
4	9028	508
7352	14080	1164
3708	4172	909
11259	4518	653
5938	11443	520
13863	1420	1122
5355	5888	751
1442	8015	511
12959	8919	143
2565	4871	648
13001	6093	3
2953	3325	946
2578	2917	761
155	4358	180
3253	8273	761
12433	8666	751
7940	12453	579
9600	12513	136
1150	6646	1142
3533	12089	1122
901	1972	1088
8658	829	734
2969	12133	844
5212	13088	1138
10615	10032	969
5590	7055	1164
9275	955	993
5049	4895	1226
10974	1266	336
13754	12223	577
8269	12330	86
12658	4358	1053
10550	8785	844
13591	13687	229
7338	1932	648
8605	10995	461
942	5249	1122
5642	9067	429
5433	12832	875
12082	11903	330
10058	12354	516
8269	11493	86
12213	12183	844
5715	1834	516
5332	14897	968
6431	5605	968
13169	13526	624
2119	2139	246
10537	31	887
14452	7896	926
5590	3580	789
9851	6512	1122
9738	10101	1142
8026	2119	387
9974	14920	935
10575	13062	1340
12243	4643	516
13145	9781	721
13269	7374	856
2496	3252	751
9785	4864	1049
14004	10029	814
4322	2420	475
6839	13346	296
14398	9282	508
11357	13718	814
3039	10156	622
8589	13447	421
4741	7141	193
7701	920	1014
12329	14303	65
2119	6332	665
3341	7326	1177
2385	3046	880
5178	8866	612
7458	7555	192
4682	11813	925
1322	3325	282
2802	12329	844
470	5804	933
13116	7284	508
13475	9035	565
9824	9137	648
9623	9182	160
9889	9889	1183
6987	10017	667
314	12223	976
10226	2094	1226
14215	10659	887
5121	12186	887
4884	6217	1058
7332	1600	319
3084	8180	597
3059	1457	403
14649	12423	1142
2992	4372	1142
4810	10014	1014
10463	11110	1008
10953	8933	567
5002	10902	991
4798	11194	136
10703	5590	1096
5584	12980	442
3994	3883	1111
3198	2969	1111
2497	9308	1026
3452	4	565
7228	14684	589
3394	3394	490
9244	7201	178
2	7488	1226
11255	6626	853
862	8021	143
5652	4943	684
13938	2090	573
4746	13344	246
1475	8246	456
12537	2500	1226
1535	6872	565
888	184	1245
8112	13949	143
10079	13694	326
10632	241	708
6046	2731	648
13976	6981	595
6229	10029	1157
13394	4126	180
4525	11211	193
202	14920	727
9511	478	597
9817	10505	1201
3505	2119	381
8608	6256	316
1568	11474	1201
11892	7656	1286
4	12217	508
14793	82	793
4278	14704	1142
9804	9851	143
14065	12473	1111
1706	14625	1096
14348	7706	1142
4190	6547	887
10988	900	393
8654	7839	910
470	13623	42
7310	12070	453
14718	2828	712
9357	9950	1226
8510	7788	98
347	5903	892
3696	4997	597
5174	12084	1096
10066	12387	1122
6483	5072	1096
6728	2388	875
1223	4746	381
8393	1540	60
9248	1936	738
6854	12518	296
4738	4957	368
7250	14192	814
1517	12402	853
11544	3325	188
5173	2461	136
6361	9700	352
4927	8377	368
4792	2479	1249
13289	12678	136
10043	5590	748
7888	1942	322
6819	4353	93
9035	10178	508
14499	6638	559
7462	8001	1122
6096	10356	751
5420	5011	565
12764	7529	845
11537	5305	1088
1	1261	589
3699	11468	421
7445	1765	104
1909	8511	1142
6781	14059	629
2193	13254	1142
7476	1846	589
9128	10229	21
5052	12158	910
9569	9352	1142
1870	10359	565
10634	3159	1226
9781	14847	86
9116	3453	565
7452	11135	1111
4235	4061	751
523	1942	322
6124	2579	204
5358	8526	470
14391	1356	194
3981	12231	160
13245	12882	1008
12787	2921	368
11194	4471	1111
10404	14218	143
11127	1087	1122
14523	3737	93
11875	13642	805
4792	8663	573
1684	8272	1096
1705	3073	1122
448	12330	583
13396	568	1227
8014	7997	619
2807	2451	751
1235	14298	751
5765	1006	1340
6651	8245	751
7374	5708	65
4165	8760	1164
7762	10152	1088
6483	8511	495
10869	9633	1275
2307	12618	594
14326	4997	1257
4643	10144	93
12729	13981	193
11552	7555	381
5240	10985	1111
2512	733	727
1969	7528	180
1611	7149	65
5045	5045	1183
3568	13017	637
301	3064	1053
5694	3802	753
13779	9081	1316
2765	11644	589
5305	11241	745
11801	1674	298
10347	8246	589
2245	8739	1122
8269	1596	86
9919	3325	902
7182	9331	751
8269	2813	86
12301	14000	751
8990	9511	269
11892	4927	143
8164	12223	488
8793	875	1122
11337	11194	136
3102	3292	556
6708	932	516
12311	5218	136
7308	6083	565
6783	470	684
10312	3325	282
6820	10139	1201
4319	14398	565
14658	6856	53
10287	3325	56
9035	13780	508
12488	2432	1251
3198	2981	520
11208	8681	1096
8175	1674	244
1981	7385	180
8180	12631	751
10491	12989	1164
4	12940	508
8230	6598	93
11257	7220	421
530	3744	71
8939	5239	52
183	7598	1137
5358	13634	1328
11411	5937	648
10659	5811	665
4	4048	508
12241	7348	565
7549	5072	826
5668	14440	1014
10340	1425	887
480	1937	242
11552	6547	387
14285	12513	1142
11402	7067	180
10642	11839	1227
9427	1830	1273
294	2067	508
2	9567	1340
10357	134	1142
1773	1773	186
6080	8269	721
10320	14658	508
2565	597	648
5447	1470	190
8213	6793	1226
11741	1341	875
14938	8511	1142
3324	6483	200
6872	2317	508
13355	7701	1142
5867	4220	1014
303	60	589
4787	7890	190
3155	12451	384
6621	1720	93
7422	9896	1263
12163	1998	324
3208	3325	188
10629	10247	1201
4219	5328	597
9844	3325	346
13214	3198	136
14450	14625	1096
3064	7794	536
1685	8175	204
7574	3325	282
13694	3688	1259
5375	419	805
2931	2906	1039
7296	6191	798
12654	12500	1111
9904	6100	858
4207	1810	826
336	11127	143
6856	2038	1218
12731	9599	1226
6290	5484	624
4744	5358	866
1533	5800	536
555	9954	516
9129	3325	1292
5379	7555	192
10628	3081	1096
9885	12183	844
7018	9892	1244
3196	5590	53
2067	2061	516
6126	8606	485
3339	4968	579
4842	11690	1096
8377	14848	1263
2633	3325	637
2344	8403	472
1231	2763	844
4733	1470	530
4368	8602	520
7229	14107	875
1214	7835	745
7105	14936	1122
13885	12223	577
9534	3991	199
14192	3414	248
7285	3457	354
8997	14126	781
10818	931	204
821	9985	838
13513	13088	1138
14700	11195	590
9669	14174	665
2792	2196	1122
3728	3405	1142
8331	12223	577
11005	1582	745
11084	14575	875
5095	2874	93
3294	9329	195
4358	3269	1147
4151	733	935
13886	754	1122
12288	3606	329
5105	2368	1201
7277	5085	1207
6362	470	684
2523	2533	717
13388	8790	624
5542	14926	935
9888	7701	1142
10346	6134	1263
5953	6644	589
14328	7659	923
9190	8621	1053
11567	3506	425
12329	11593	65
12950	13088	1138
14735	3552	200
14498	470	684
3884	13262	1088
433	5324	856
3081	4207	5
487	12223	832
5012	4297	1226
8560	4423	1088
10956	4746	387
545	14274	1334
2696	1751	59
8955	3434	59
12729	10592	530
11357	10221	814
4873	6484	516
13045	5875	1137
12230	12607	429
8108	6617	74
6131	12520	589
2124	10199	1226
10444	9040	1146
4648	14104	136
1506	13534	627
731	1613	751
1434	6806	624
10757	5590	748
7111	3053	773
5779	2720	1014
2249	14450	1226
12132	1999	516
9248	12653	143
11194	14537	1111
11194	9271	1111
13333	10926	136
6446	2132	1147
4328	9977	751
5572	12077	459
4616	14162	749
13888	7555	192
8837	14917	3
12774	4745	1111
7779	2129	648
10861	8429	65
10636	3194	368
7949	4190	118
1549	6761	74
1230	10902	180
10794	7464	314
6856	3680	648
14869	12329	856
2569	7961	143
5048	5466	875
6345	14348	1122
5878	13088	1138
14382	612	1013
14179	3549	1263
13441	7969	1088
9850	6225	1177
598	12327	384
11033	3449	1122
7272	14214	421
14865	6726	1105
6976	7698	1111
13273	2890	1105
2094	4792	923
1972	6791	745
4415	5686	508
955	9275	778
4328	1854	436
14210	9739	71
9692	1885	589
8520	1313	1142
2478	11742	65
8621	428	1001
11436	14587	1122
10723	14834	1058
2727	11792	136
8130	5590	1096
4188	624	508
7221	12160	261
14776	7820	1279
8360	12937	53
6941	11255	1142
12700	13694	248
14840	14438	136
8387	7024	665
6032	13923	1007
6780	3737	805
3101	9081	1316
590	5269	1096
10901	220	1088
2740	10479	516
13941	13524	1244
10003	2821	336
5004	8199	530
2968	7555	192
2694	7452	136
13110	1990	1144
1414	10959	136
638	8269	721
4797	4246	1226
935	13268	1008
14440	8357	935
12404	14326	1334
6748	7871	598
4415	7615	508
7245	10774	751
13346	13124	1207
5630	14828	1226
3385	5909	1103
9427	7940	1273
14416	11111	317
9143	2781	624
6030	3183	1263
11255	5638	853
968	12568	242
14443	1552	143
1559	2262	926
2545	10914	1122
11860	5891	136
13051	11005	1088
13497	5590	421
329	6976	1142
12487	12862	751
6340	3793	853
1962	3453	565
7637	4392	1111
14521	1483	53
10787	3053	773
3966	11334	1263
6100	6809	316
2313	1483	872
11174	437	1147
4481	9990	773
5590	5975	1164
9662	3060	200
14303	6856	1096
10928	5070	734
9687	12112	624
12990	3758	624
7701	13525	624
4138	8269	721
5517	6291	516
12027	11047	462
8269	13531	86
9548	11416	1142
512	9494	805
8395	5685	1340
9197	6526	1267
9925	13194	803
13092	12186	1013
1483	12418	261
2232	4797	1122
10300	6004	892
302	8684	118
12311	10933	991
3060	3955	751
2708	11665	530
12336	6704	751
2565	219	648
14166	13088	1138
2334	3070	494
11219	6899	520
5979	10877	748
4765	13974	520
11416	4389	520
3623	14270	589
5977	13088	1138
9056	5629	1226
599	1904	52
3486	13088	1138
7348	1360	508
2356	3764	1263
10373	9255	751
11054	7203	384
11643	8146	199
4207	5814	826
5910	13492	1111
840	2409	448
5829	10420	1039
14821	10940	1340
5676	3405	1142
10430	12891	565
11146	4743	751
1261	2765	1296
4314	4323	1122
10243	6319	1207
13509	3992	396
3830	5590	931
10359	7879	508
3511	12557	136
3635	9468	624
1788	2312	49
7873	8067	838
9379	3457	1096
5174	6949	1096
6984	14779	892
4343	4380	1142
12253	271	1008
3923	7145	805
14308	6410	637
10424	9701	1263
14210	7024	665
2129	7779	844
14859	13266	1058
605	2044	738
3197	3017	93
7384	7744	495
6065	8403	866
7444	434	1001
4	3397	508
415	4746	192
2692	14551	910
13005	2865	853
9971	13021	516
6284	1376	298
13386	8269	721
2737	10387	1171
3052	3896	1122
10767	2194	52
4072	6371	880
7164	3457	635
476	10423	565
5345	5213	316
13346	2414	171
7595	8218	204
12062	7465	8
14152	13230	459
2086	4415	565
6547	10468	665
2119	2233	246
375	6083	565
10092	12614	60
566	6242	394
14610	9215	203
3785	6131	143
2368	8621	1053
1605	8682	1044
7036	4746	381
2242	1483	53
5355	5759	1201
6900	4684	1142
9945	13925	143
14289	7483	1008
10695	60	1226
6808	3453	565
5264	8281	648
8749	13832	969
10390	12411	910
7786	612	1307
9843	12856	968
5820	6589	269
11004	13088	1138
2048	4282	1263
13334	7757	1142
6981	6462	530
10090	8627	390
143	2885	624
395	13447	54
13556	14249	516
14489	12223	832
9953	6411	225
11228	13404	805
14872	372	947
12446	6181	143
877	8997	1246
9781	8939	86
14255	6856	856
9008	6713	126
13525	3857	1278
5240	10035	624
7564	10090	1105
4197	10936	751
146	6256	635
7300	5904	472
2409	12186	163
13506	5842	597
12808	6625	242
8061	5437	814
6354	10996	1291
2194	9992	316
7387	5488	326
9560	8355	1226
3311	1313	1142
2300	7113	751
4389	4312	1263
2486	10203	1142
12691	10889	969
1575	6798	520
14154	5476	1111
1618	7277	296
10854	8549	989
7277	10729	1207
9922	11424	1226
6869	8893	516
12190	6923	104
10032	5047	856
4746	2303	665
3009	1222	877
8952	3325	1255
10244	4149	416
1972	2239	745
13444	7555	381
10651	11966	1122
13337	1235	589
1478	10854	648
8393	1778	963
2210	9148	715
3004	2880	548
13082	1726	1170
14085	1972	1088
12157	6007	495
13342	9725	1260
12910	7833	589
2146	1788	1079
10108	9198	104
800	5586	459
4214	10241	565
625	1403	1340
9047	932	516
10673	8935	5
14149	10861	844
4358	14885	354
5853	13724	508
6030	7261	384
7632	10673	1096
859	9329	700
12152	3252	1122
12230	8407	429
6547	66	665
5358	1150	3
13421	6254	356
12592	2469	329
11065	13637	143
1645	12633	1120
6061	4884	1259
2868	12223	514
7313	2048	368
4410	9009	844
11489	6232	1165
8987	1496	751
620	3453	565
13064	768	250
10262	5358	595
14488	5011	565
9100	14663	910
5077	1161	136
11450	14388	416
8103	4746	192
11605	2754	856
6994	3325	902
12298	7958	204
9298	5689	892
14725	5552	494
7468	2931	395
7221	4019	1079
8179	12810	1142
947	9744	745
6985	10058	1328
2977	14154	136
3882	12153	265
3559	6475	1111
8388	4295	143
7201	8658	726
7969	7127	745
874	7890	595
6148	3630	136
4046	11039	1340
5823	8115	1122
1875	1767	376
11852	13270	382
4253	13388	875
13169	11742	1111
11231	963	472
1552	1026	143
10717	9352	136
294	5238	508
9673	6724	853
6862	7555	387
13204	6182	1111
3998	2247	1004
14089	3198	384
14539	9781	721
1478	9454	65
11608	13694	1128
186	6260	516
226	6325	1260
9781	11822	86
8164	5590	421
14343	8299	1296
5347	6096	1226
14540	4358	180
12592	10190	329
7003	2547	624
1179	6872	565
6632	12530	1014
6858	1214	1088
3992	8677	136
7297	4317	589
4505	6513	1201
6620	6620	140
14380	12245	1005
14149	7011	416
14847	6856	333
6780	11179	805
2461	14168	1111
4697	4859	93
11816	12479	1058
10340	13660	926
3655	1761	1122
12788	4783	826
9211	5345	52
5983	4189	751
4119	7374	844
10026	13103	748
12186	4518	834
949	7419	44
2313	7014	872
3998	7370	93
11835	6635	1053
3115	12692	288
6705	7966	189
14486	7406	1122
2727	5218	136
954	3351	1147
9163	8726	52
1136	6565	368
14692	4957	459
11293	12391	973
213	8549	989
2827	12059	511
1987	8267	1317
14302	4775	573
12810	14788	624
12892	12892	623
14065	12981	853
1973	12599	1201
1110	5258	136
2384	937	442
6434	6647	1201
12458	4601	875
7170	9900	983
12891	5363	508
6374	8728	760
8597	9791	729
86	2787	814
14004	4977	65
7555	979	665
2331	2304	52
1379	2051	520
14933	989	1079
6547	8095	665
14101	14065	136
5910	503	1111
14113	14578	991
5125	5590	53
3223	9952	319
11525	2119	381
7555	2601	246
14563	4656	93
12399	733	727
8493	468	269
11231	8647	530
9717	13092	225
596	3951	416
6083	7196	508
3986	6692	1278
4652	10817	1142
6781	6102	723
8697	1064	1201
9096	5245	1164
4455	838	495
10727	5943	565
2810	6185	1142
5910	359	853
5415	1537	436
14858	1066	898
7221	7556	1164
12274	9382	1142
7628	7055	582
12245	10789	512
12793	2839	1246
860	1281	1226
851	9952	751
10387	10355	875
3163	2886	472
8991	4204	1122
9085	5358	595
3402	8964	923
182	11704	923
11443	7710	1263
12711	6856	748
10470	10337	1164
13186	4746	192
9237	10438	1080
4911	1736	1088
1107	13009	1014
7250	2608	814
1214	9744	745
4415	12899	508
1187	11257	1053
12852	7808	844
5867	12348	1014
7449	9753	875
9318	7423	1122
11614	14260	853
12531	5241	1096
7919	3301	336
3103	6109	85
3667	3453	565
9352	11211	624
7585	8252	508
445	2380	485
9781	10694	86
7869	11382	578
2754	4066	648
10237	8223	751
4809	254	104
1585	14644	76
14440	13834	1096
8269	10086	86
2221	14806	1058
4415	10148	508
9002	926	751
14613	14920	935
5956	12850	1058
9927	1441	442
2793	14764	1138
4207	10980	826
7635	5305	1088
13169	6926	1111
8200	12223	514
12104	9825	1111
7449	2419	204
10773	11303	93
7902	4921	1142
12245	11756	334
7374	2604	65
9478	13051	1014
405	4228	991
10980	12011	1079
8181	12578	1296
10873	9294	926
11219	3719	1111
9918	7008	790
2257	11166	1226
8001	5218	875
2952	8882	935
11133	11987	1296
8835	1303	311
5938	4484	1014
4072	4746	387
5787	3325	56
5458	4609	326
7268	5305	1088
6620	5057	1044
5220	12631	686
13496	10429	844
11005	3274	745
11334	2675	516
14779	12571	429
11985	763	1096
8795	4358	588
4018	12481	1263
2480	2313	600
11983	1987	1142
3559	7179	1111
2119	3275	665
5590	13939	354
2344	12744	470
5843	5399	104
4423	10970	745
14452	11854	926
9753	14189	853
1256	6963	1146
503	12010	477
8387	3277	665
5305	4749	745
10710	11111	1273
11739	7270	1210
5811	10675	887
12793	5590	800
183	5047	856
2682	2739	1080
1496	7026	143
3467	14438	1142
10696	9696	853
11862	11610	875
9034	3889	65
9106	1341	1142
1178	470	684
9184	7630	805
8234	14421	844
2929	10355	136
6726	4872	390
1197	8269	721
9161	12872	65
11509	9738	93
14457	13964	48
9916	713	1122
2241	11417	1122
9781	11360	86
4931	9817	461
3178	4530	1226
4	13595	508
14499	663	433
7000	10633	814
3071	8299	1122
6337	7338	856
12249	5521	472
14652	7221	1096
10399	5050	1147
1686	14764	1138
14152	7450	991
1147	12937	786
14796	2508	781
8879	12329	844
5976	8719	323
11564	7701	1142
6025	470	684
4212	2331	1096
14383	4697	516
12046	10531	1081
11791	14871	516
6833	2690	143
10817	9259	624
4994	8641	923
8785	6066	65
9466	2	751
9555	1377	853
10567	5115	1142
10020	6222	751
9330	5331	1226
13792	584	64
6767	1214	1088
4243	7648	1104
2836	13417	1207
3181	515	614
530	11248	665
10711	5590	948
12377	9475	1142
8188	8424	1142
6976	2427	1111
8897	3787	1226
10343	14619	1122
4358	1508	1168
10103	733	727
13863	12306	875
6834	7111	950
11762	14520	516
352	7585	565
10003	14326	1334
12245	1522	512
2534	1656	1142
7661	14447	368
2565	2131	428
9597	5590	948
2445	12555	1219
9165	6971	991
11821	8327	1122
8541	14438	1142
2204	12786	1278
543	6341	298
7760	852	516
14395	8403	530
266	12230	892
6261	2715	1296
4423	10244	745
12072	14844	136
8269	2143	86
13694	14771	1259
5521	6981	530
8403	11903	530
7156	198	1053
11911	6872	565
9656	129	1142
2444	11608	1096
4	4656	508
4842	10	336
73	9078	1111
3975	8837	330
6561	10165	790
9588	6030	368
13660	10840	242
998	3325	56
13373	24	104
1471	12495	200
1136	10872	1142
5178	4343	591
14004	11357	30
3618	3325	668
1266	4519	200
2187	4746	192
14168	4535	1096
14037	6761	74
7958	773	1008
3223	156	319
9194	3435	1053
9718	12011	376
12696	3198	495
3930	7969	1088
6984	8269	721
6854	4663	332
7549	181	826
14367	10906	1122
4537	452	421
10020	11204	416
5384	10835	875
14314	7555	381
13383	4744	530
2698	2698	1183
8107	8092	1053
2475	2789	1164
3838	11265	85
4177	938	516
935	4187	1008
3374	6818	1226
6193	13829	1096
3275	5135	265
3171	7524	376
13410	2130	858
20	8387	1013
3743	3140	1164
12639	10729	104
10714	6185	136
220	478	745
1662	11781	74
3070	4062	814
8210	11250	887
2493	1938	853
3782	9406	814
4209	3325	346
9034	8770	65
7919	1972	1088
8296	4746	887
3800	1762	1207
1246	8747	516
12251	1793	1122
2689	8393	1074
3238	13839	579
6872	8605	508
13386	3625	421
14398	10291	508
4026	13351	1201
413	12305	508
4547	5590	748
6820	2045	1296
10114	5590	53
6515	7585	565
1167	4744	595
12772	13472	1096
4746	10938	246
612	20	665
9825	3390	1201
9972	74	65
11840	6985	190
4454	1674	298
12082	5358	330
2855	6335	692
12562	4729	119
8432	14126	1111
10515	4748	200
6790	10696	875
4835	11533	1296
6083	4986	508
10148	12511	971
7670	1728	579
4332	14844	136
2708	4744	530
13710	12526	241
3366	13671	416
6582	371	1164
3946	9947	1177
8377	717	384
6089	9307	143
6789	8479	143
4339	12094	477
3405	11674	853
4423	1866	745
5518	14316	565
7881	3036	1201
4777	10844	143
9796	4985	178
9918	2313	600
6484	14348	93
5911	5946	1124
7555	8485	665
4193	11250	810
6872	1481	508
11652	6102	793
5163	14060	450
1363	2415	734
12887	7961	143
8483	13088	1138
6856	6067	1079
4167	2625	751
12394	4219	269
13687	1767	376
3064	1405	536
2863	2407	425
14419	5330	1096
5319	8647	472
2062	8939	1096
3009	1222	880
5423	7784	751
9352	503	1014
4943	5948	42
13609	3414	248
14103	13177	583
1967	6781	1194
11315	3559	136
9191	3893	965
9513	9513	187
12983	1214	1088
3325	7746	35
2240	12223	577
3062	14764	1138
3359	719	326
13346	25	1207
11752	294	565
9042	1957	485
7677	13636	954
13012	14398	565
3918	2488	104
1478	4250	65
8262	7555	387
10959	5618	853
4792	10959	1142
12872	12328	1296
7862	8269	721
1796	3198	136
2692	5590	1123
10569	12026	565
7001	13088	1138
13110	3108	298
12228	2331	1096
5506	8578	751
9432	950	754
14271	13539	310
14438	2640	624
3015	4746	381
10695	9965	241
4808	14917	1122
4748	147	844
12329	2062	648
10828	11968	74
2565	9592	65
10320	12497	508
1657	7582	1227
9009	7733	65
13909	2383	520
4746	9534	1108
7338	1932	65
13638	5332	368
8575	11569	1142
11368	6658	624
11219	6064	520
2354	10379	887
8152	14858	1128
5462	8352	590
470	8284	42
8631	9870	814
10592	9816	1328
552	9018	65
4200	4688	53
10559	4792	1177
4285	1483	53
2865	407	1226
12444	877	1111
1985	11684	382
5537	6206	384
12714	6100	49
14581	2407	425
12329	9589	65
11431	10515	1296
9034	13542	65
4510	11355	1273
798	4518	216
5722	1972	1088
1214	14062	745
3813	2811	1014
9634	3559	1142
14662	13447	421
13980	5573	589
7782	13088	1138
9665	10224	1226
4	5080	508
5297	2992	1147
3476	1416	1142
5938	5961	1111
12161	14448	1340
5936	8108	93
390	12312	1122
12729	2603	472
10227	14198	1122
11877	12208	1122
9001	1252	991
4	6116	508
6574	8288	1122
11864	11993	589
11007	12156	1122
7799	3325	946
13921	11614	136
2565	10373	648
7179	10959	136
13956	11155	1053
9781	10821	86
7890	3024	193
10856	12223	832
9357	8437	498
2438	2119	887
1302	14148	745
13786	5590	970
2356	13786	968
13194	9925	37
5572	10269	751
14595	3355	1226
1214	3157	745
9371	4982	193
5569	5239	858
8668	8785	844
4465	11876	526
8277	4264	300
7156	9741	241
1784	172	520
143	2902	624
5369	12545	826
4746	13479	246
14726	1055	421
11265	13312	49
8299	6455	200
211	8394	844
5670	5590	53
6965	7555	887
9794	13367	1144
8928	501	624
13180	13765	624
6564	13997	745
5483	4776	892
8637	8173	990
3052	9622	1226
11835	14426	97
5759	10598	597
8509	6540	516
5345	13318	316
7406	6669	1226
11338	14124	516
12288	1330	329
12712	8782	814
9673	12627	1317
9547	9016	1207
14029	7024	665
8949	6547	887
4008	14045	875
10072	294	565
13319	12277	1122
8034	9971	193
5195	5590	1096
538	2486	1147
14166	7615	1008
3548	8269	721
1767	12633	635
6601	18	204
14207	9785	534
9781	6433	86
1011	5589	536
11219	12530	1111
6096	8269	721
5346	12981	751
10363	8493	1111
11014	3997	1111
14165	11417	1122
4350	4	565
7585	14009	508
6727	8534	1207
4431	6641	648
10959	10582	1014
9812	6964	589
6669	8179	1296
12959	6855	143
1214	4266	745
2884	14539	421
13410	6856	635
2890	1788	1090
3207	2119	381
13347	5358	126
12633	13130	59
12290	725	814
1598	7555	887
4343	2493	1142
6044	14326	1334
4423	1684	745
11895	13985	1096
13591	5425	1291
14398	12283	508
12937	14714	1339
13479	2119	192
1631	888	1270
14431	1171	330
9599	7779	856
6981	14773	193
6238	1995	384
8880	9352	136
4313	4643	516
13120	14671	319
11382	5590	1096
659	14200	1122
9677	4746	887
6971	14199	1215
4638	5938	1142
7757	160	624
4476	2346	137
1713	715	1096
13740	530	887
12762	1245	1226
12170	294	565
1478	7084	648
9863	3409	193
14295	13088	1138
13649	9914	508
13736	13709	1340
14826	9596	1122
1638	2017	1122
6496	10310	898
4738	1281	1226
14434	1972	1088
14017	4865	1122
12109	6706	624
618	13027	58
5516	11665	530
2428	2711	814
8785	12647	65
10721	9021	745
2073	5885	143
1205	1266	269
5508	5590	748
11916	5568	355
2117	14528	1226
11171	5590	748
955	5124	1133
3591	6256	970
12399	13088	1138
5498	10817	1142
8127	13167	1340
344	1969	1122
11153	14834	143
12622	1478	844
9244	13008	926
5953	8837	330
4353	12729	190
4099	6860	875
14690	9606	734
6131	834	311
14132	5187	520
13145	14316	565
6058	6674	93
1434	5402	624
4999	3325	56
2435	11932	521
11977	3791	565
8269	5783	86
11757	2967	751
1000	9781	721
774	7872	89
14791	9934	1201
13419	4746	887
7499	6547	192
5969	14796	1246
10293	2119	887
4	12353	508
3057	3247	456
11320	3408	838
5028	12223	488
10	4332	589
10478	10178	751
8743	11798	271
7891	5590	53
1601	14908	1058
4297	5241	1096
10696	10232	1111
6327	2946	3
13220	517	1122
794	12084	910
9925	5590	948
7119	14764	1138
4118	14704	1142
2754	12993	648
5690	11982	1088
14821	12493	180
1881	4719	143
4415	14374	508
1796	7003	495
11136	1939	1142
7585	6312	508
12012	13455	788
9433	5590	421
4458	4586	973
10233	6610	537
14303	8939	1096
12916	2536	330
4	8529	508
4657	5912	425
7348	11024	508
13460	5493	588
14865	2615	858
11091	6856	491
2565	215	648
4358	10915	1168
3073	470	684
8217	2591	3
14032	5987	324
14399	2506	1122
11188	6908	495
10840	13715	801
8134	7435	104
2761	10598	1226
470	502	42
13181	9781	721
5699	1497	853
11024	3635	1142
6054	8231	875
1064	12647	589
6574	2709	1053
12153	2403	52
5777	5590	948
7413	9285	1111
9424	8394	844
12116	7555	387
11367	3064	421
229	13534	316
9278	8621	265
6846	8449	624
1214	609	745
14285	12245	1005
3288	8650	248
5395	4688	316
12011	11690	635
8617	10515	269
12476	14030	74
9648	503	1340
12891	12298	508
13245	294	565
6768	10877	493
5446	804	1171
11741	2981	368
14407	5590	1096
8647	708	530
3457	5764	261
13258	6713	484
5590	14934	312
3495	1751	935
5048	5035	1226
9863	5723	1328
9829	10077	1201
11198	14902	1207
6345	12251	143
8085	13175	751
3771	7374	844
3840	8269	721
7963	8564	814
11194	12463	1111
1	4648	589
10949	5263	143
14844	13042	1014
14336	1313	1142
3417	10470	421
12361	1276	1165
8769	13088	1301
10766	2919	1111
7555	510	246
5968	1470	530
6434	10683	844
2063	6781	1194
2486	11387	64
5412	8299	336
13556	3785	1286
8313	3600	1058
4997	3949	1096
4073	2884	583
11495	3301	269
8556	8307	143
10088	4792	416
11925	4556	853
1824	9824	844
13376	7459	665
12771	6299	187
12754	6019	1201
3984	3198	384
13372	11876	526
6607	7514	1147
6726	13829	390
5776	1249	242
11334	4	565
9309	4476	1122
12220	6324	472
5699	1826	624
8571	11258	136
3696	12102	200
5590	6652	1164
470	2296	42
1276	12770	1026
8652	3414	326
14614	12312	1296
5438	3173	382
13317	12194	887
2176	4194	589
6640	11421	1122
11005	4903	745
10774	2694	589
5599	4035	1122
1336	4643	516
7632	10804	751
14439	4007	805
8392	947	1088
13170	14421	844
8321	2333	892
5426	10893	76
3420	1483	948
13274	7413	875
10843	12639	751
7790	12937	53
4765	1377	853
12089	4552	180
14539	10518	699
9120	12595	58
8394	7776	65
6713	4808	3
13714	12186	216
13403	7070	1226
11884	3066	589
5768	448	891
5938	347	624
5590	2158	1164
11418	905	890
2452	4188	565
11258	12100	1111
12126	5929	866
4046	7348	565
2692	12216	1128
2565	2205	65
9143	3584	624
9724	470	684
3694	9854	624
558	13013	416
1559	4789	926
6548	14103	425
5722	9511	269
14831	5342	1122
3997	6908	136
1483	1315	1164
14606	2006	336
8443	1478	856
2204	3220	589
102	5606	472
8304	12814	17
12096	6646	1142
4730	11608	1096
14931	12475	877
14887	3158	751
1214	7489	745
4128	8645	1096
2078	5825	296
1261	3068	1296
6321	12784	368
11194	6964	1111
4219	6841	200
12927	3325	360
3408	4065	354
2821	10003	200
12329	3065	648
12690	6185	136
10915	1214	1088
3407	10515	269
9459	3325	282
12100	3069	1296
14237	5133	241
552	2731	65
9331	14692	1340
6767	5213	1096
2120	708	472
4923	10392	853
14024	13319	751
7247	7585	565
12134	8089	849
13313	12815	516
12097	8269	721
7584	4276	143
8718	13591	1079
12609	13088	1138
11099	9824	844
14360	2119	887
947	12690	745
11028	2533	1042
8269	7620	86
6044	2565	856
14079	5590	421
6974	5885	143
12827	1582	1226
6256	8726	52
4358	10148	1147
3390	5240	875
13694	11109	1259
5342	4415	565
12714	12937	786
7555	10938	665
12521	11480	597
4465	14920	474
3768	13939	1273
5590	10015	85
1071	14049	316
358	86	242
9807	291	1164
4315	2459	436
3838	1473	1164
976	6780	74
5628	4404	624
1135	5910	384
9586	12329	856
6954	8294	421
6854	1831	296
14809	12832	136
14449	5590	233
5061	3003	751
4643	12646	93
4957	9901	968
10028	1987	875
8742	13088	1138
1843	2119	887
1819	10794	887
14057	13840	516
9781	344	86
9812	13088	1138
2344	7174	3
7180	470	684
8353	4877	527
7175	12937	53
2570	9922	774
3853	1032	1008
7449	5238	204
8777	3227	58
13417	12795	296
5244	10427	1053
10861	5455	62
719	2931	712
1676	932	516
10432	1731	1096
12042	3928	1296
6415	3150	1263
5414	6679	1117
2108	3385	1267
3771	6197	336
7552	3617	136
3149	14489	604
1496	11130	1226
11194	10024	1111
8267	12798	958
5144	5144	1183
12862	4798	1226
13884	470	684
7524	9461	229
11104	14925	180
14492	5937	968
11194	5173	1111
7107	14514	316
4367	3155	368
8667	3610	199
7550	14421	160
1907	3325	56
10864	4368	1142
8656	3003	624
3522	5590	53
5548	6673	649
13388	5629	1111
5326	13694	1128
9300	5590	53
301	9781	721
6797	6797	140
7323	6976	1142
3678	2452	751
4035	3197	516
2657	6547	387
14158	1483	421
11484	4	565
8269	4557	86
3559	10613	624
3734	10313	1142
3284	2865	788
8188	14591	1122
6155	6008	877
7591	3184	717
3813	516	624
6756	6856	53
1288	14398	565
12832	3373	520
5638	8927	143
11368	3155	520
12679	1447	8
5712	8499	624
12138	5913	892
7238	1598	793
11197	6030	520
5364	9781	721
5285	4773	1122
14923	7838	923
11090	12792	54
5711	11007	1122
11440	4789	104
3470	1331	595
5792	9700	352
1071	8550	316
4994	10681	614
3405	13279	624
3837	10959	1142
6322	5910	136
7277	4386	1207
2119	14455	246
4415	9952	508
8272	9685	1128
7261	1090	853
1441	4474	1053
6781	13206	629
10889	3134	459
5862	9833	597
14806	294	565
14132	2375	624
1809	5590	714
4081	6547	387
2399	8297	200
12558	12410	448
2831	4007	805
14463	13534	265
7348	8721	508
7374	14935	65
7318	969	180
104	5330	1096
9035	5150	508
12487	14625	1096
8620	1674	298
4746	1632	246
10747	733	935
7133	5590	421
8134	3325	946
9503	14922	1340
10937	7535	104
7385	7385	623
12329	12433	65
9040	6727	890
1878	12982	751
9919	12229	459
14933	13587	548
4122	7221	826
7191	12245	1005
1144	4078	1159
14028	3455	3
2713	790	1111
6328	4746	387
10155	13346	296
10479	13897	93
4285	696	1142
1846	4478	751
1266	4120	597
1279	7116	265
14725	553	875
12746	5628	384
14791	8231	495
8403	8172	193
7869	12056	578
8269	7726	86
9032	10479	516
9333	5218	495
890	14103	425
5941	5590	748
5734	6798	368
9276	9925	1011
6949	1055	421
8279	1515	225
163	1650	495
8260	8403	330
14138	13947	1226
8753	5944	665
10268	7010	589
6921	13549	1296
10054	4746	192
3375	12779	1103
5311	12764	1096
3268	11436	429
12353	4643	516
4521	13157	1122
4872	3325	306
12605	7545	204
14167	8450	1177
10346	9303	1263
3579	947	1088
1300	4624	421
14453	986	494
4611	5825	296
12746	14239	384
4533	840	314
7712	12245	1005
10178	14465	1122
9340	1674	298
6010	6227	336
1460	10742	1164
905	13517	1207
8704	8039	624
905	733	792
8816	10953	204
4358	10247	1147
2388	5822	624
8152	10681	1147
10658	13829	1096
7867	13417	582
945	3160	1157
2078	1039	619
4502	6858	971
1995	6030	520
7444	2950	1028
6018	11362	65
11447	7452	875
2218	3108	298
830	13939	54
12208	13616	589
163	12329	844
8665	13752	98
14457	12465	973
6981	1631	193
1703	2226	421
4210	10861	160
10484	13141	875
3840	7359	516
5666	2648	136
9726	6030	520
5885	2697	456
4	3472	508
4219	10808	1142
12738	3679	1001
8470	7995	93
2004	5516	472
470	6505	42
13013	6756	1008
2592	14822	845
6257	2942	1296
7374	11757	648
12729	3479	472
1509	2337	665
5590	3013	1164
14070	9966	355
7374	6907	648
12415	3439	428
595	6312	1278
7026	7185	875
9685	181	898
9781	10502	86
1870	5011	565
12369	8411	734
6409	14503	1263
7742	8837	330
1194	9714	1058
6098	4832	991
1445	12306	1142
9391	6971	316
8179	11171	589
6222	4055	611
7876	13992	712
10237	1972	1088
8313	14070	1058
10980	500	648
3487	1830	838
14480	3325	1255
2313	14775	872
5671	14559	1296
671	12500	1340
12012	2980	788
11258	13851	1111
2119	8851	246
6781	11469	723
4782	5091	1122
8797	10515	269
5797	12223	488
1552	1483	53
3981	2997	1201
4939	201	548
10559	3693	469
6408	1987	1142
3198	7449	624
4970	7589	1044
6889	5229	1058
10750	8939	1096
3994	4332	1111
1794	134	136
1127	7277	296
13245	4627	120
10490	4568	1340
6101	6572	761
4834	7183	143
11239	190	648
2886	4720	472
6781	3009	723
11171	468	269
14421	14483	65
420	11690	1096
8785	10281	65
13747	4746	387
6906	6854	104
7432	12050	264
4	3237	508
12494	3921	1122
3782	4134	814
7269	13324	330
10241	4331	508
6547	2888	246
4746	3270	665
5572	3617	136
8039	9781	721
11244	7555	192
8399	7785	1011
1049	2119	387
5093	3534	296
806	14667	751
9866	1530	330
3559	2793	853
11393	9043	93
6134	13289	1340
9673	10094	1111
7555	53	1108
3174	2119	192
14312	3670	751
7277	10186	450
9041	8403	330
10090	1731	390
7594	3325	360
706	7833	968
4219	8996	597
7221	10090	444
8675	8679	1286
2620	5203	12
238	11194	1142
1160	6768	421
6839	12288	619
8609	1674	298
10643	8299	269
452	5590	545
12832	6098	1014
6808	9850	456
1521	3162	143
10243	12492	1207
5516	2505	193
954	12223	514
10619	14214	1053
4019	4666	635
1539	9781	721
4085	10485	1142
14508	2119	381
8756	4368	1142
7517	470	684
2829	13235	200
2736	5858	195
11757	5218	136
12678	2054	1111
6965	10822	880
9482	4535	1096
4016	12088	421
2008	10555	1142
7221	12870	1339
10233	4993	458
7011	6981	330
8124	6888	143
10493	7060	1142
4668	11925	1142
2083	3325	902
14674	14746	384
4	3596	508
13441	11531	751
7745	733	59
11895	7816	1088
8312	10146	1164
2569	10757	1226
10077	9829	1226
1676	8269	721
12678	6532	624
8269	9064	86
10770	14920	935
1332	7060	875
11387	9385	143
10982	12769	516
5778	13301	892
3252	7701	1142
14623	7705	1227
7996	12592	619
13669	14181	64
4300	6081	583
6727	13639	1207
7406	4410	1226
1434	5942	1111
6153	2808	1296
3940	470	684
5967	5590	748
3805	8367	459
6903	5763	242
14317	10090	162
6781	13603	723
2144	5092	1022
6547	11552	246
13973	3146	530
3385	5729	1103
2976	6547	387
3557	12153	1096
9426	12400	1226
14168	3708	1096
14300	5590	1096
7217	5239	52
8306	3325	902
7838	6976	1142
10573	7374	844
3372	7313	923
4663	14789	441
10611	3325	56
3453	11786	508
7815	8138	1122
1840	12655	204
7063	7113	751
3907	7263	1122
9800	5594	1096
7585	14585	508
5163	1051	1207
13055	14092	622
1214	9310	745
1564	4	565
9077	9945	1122
112	9562	693
5332	12349	384
8116	5027	1180
2915	12640	516
6973	6540	58
4746	7170	665
7088	12071	853
11194	11438	624
8317	11789	978
2606	4664	143
13050	6808	973
12269	13088	1138
13588	10825	530
5121	10794	216
4826	8844	805
6583	1372	1177
8292	3791	565
2272	8109	93
7222	5047	856
3114	13390	1111
10902	158	421
91	12223	577
10247	8656	1142
7555	11598	246
578	11886	1044
14697	14708	751
11135	9248	870
13624	10113	648
14168	13985	1096
9963	7221	1096
12402	4	565
9788	3064	1282
1483	4893	1339
7559	11697	968
14917	8757	143
6177	5590	1096
5347	10356	1122
5096	10156	579
5497	8269	721
12644	3533	1122
10298	13088	1138
6968	12223	488
6812	1585	1144
10569	2005	1142
10642	9000	1227
1695	3796	805
14844	11615	853
2659	10980	1096
670	5804	421
9688	8903	1001
10935	6967	935
9919	14277	751
13870	470	684
1659	7701	1142
1874	9479	624
2242	8487	973
2409	840	71
10752	6256	786
13005	851	1111
4339	14367	1296
7182	11576	1096
6890	14933	333
2441	1214	1088
10515	6010	597
1122	4643	516
2589	1674	298
1421	2640	1122
8773	9267	1226
14618	4971	1042
13878	4834	143
470	504	933
5193	12991	232
13939	3847	579
7599	5867	136
5590	9280	1147
10920	3189	571
10962	11526	459
12327	7328	624
6872	13065	508
9839	5590	53
9972	8382	65
7081	4809	973
2044	4219	336
5852	12531	1340
10912	12981	143
7221	14060	788
8393	9171	60
5729	9824	844
6854	905	296
13526	1674	298
552	9780	65
3163	2374	530
10682	4645	1238
1271	12223	488
5516	8403	530
11533	8393	1213
10914	4415	565
2261	14742	54
7289	1362	326
11942	5590	800
5350	13649	1088
9567	14326	1334
14575	2037	1014
6872	1812	508
8008	6218	875
2727	1881	416
963	4490	472
3544	14812	143
14006	3006	516
10343	7318	1122
3929	5594	316
6889	3955	1058
4246	4343	1296
2720	5590	800
12824	14439	74
2511	994	624
4988	10897	844
4035	7585	565
3068	11196	1340
6542	8377	520
1102	9620	700
1470	9864	193
6856	8814	59
6152	4746	887
4521	7003	1142
14858	12989	898
1117	95	1080
13021	8150	93
2478	6405	65
12787	13001	330
2383	6340	384
11514	9121	511
2004	963	472
5650	5502	751
11990	10851	336
7946	2409	216
13313	12152	1122
773	1067	1008
3533	4485	143
9774	294	565
12415	10332	428
6631	8131	859
9702	13088	1138
7035	5866	319
10485	6112	624
6555	4684	136
1139	6324	472
12090	713	1296
7195	7555	192
10543	7406	973
11526	2727	968
12214	42	336
14595	5328	1226
3694	14942	624
12423	2040	520
12437	7968	204
3	4040	1104
7511	9726	384
9063	5712	875
6344	7204	1008
1661	8979	60
12434	207	826
8393	9648	1045
2800	3436	853
9518	953	1122
12561	5410	104
2374	5521	472
5358	13145	193
5634	4649	565
591	7757	1142
10515	12550	597
4	3907	508
12393	4837	858
10359	3916	508
4533	462	665
3537	8621	588
7835	9933	751
6145	13639	814
7940	5590	981
4213	5770	511
5777	8798	1164
13630	6618	909
14421	6702	65
9009	8697	65
14595	4649	565
4486	11169	619
5321	3325	385
7275	9855	1296
1379	3281	853
6030	1309	384
14701	9424	1275
8269	3335	86
7729	696	136
6015	3325	637
8012	14764	1138
7277	8319	1207
656	7446	195
10555	9783	624
3785	733	727
14287	5590	545
4764	5343	1168
2862	1048	1168
12609	6185	875
7730	12791	136
9687	11892	853
6872	12283	508
1447	7236	199
3118	7757	1142
6040	11670	394
7555	14737	246
11194	3306	1111
470	8983	42
9781	7904	86
8148	7684	1007
1209	1870	93
8291	7277	296
9517	5365	104
9059	8617	461
7932	6256	826
3227	6002	1004
7548	12223	832
468	10281	200
405	9222	280
3144	2272	516
300	12223	488
1759	6856	421
13572	7123	1001
1861	2127	388
4207	2331	826
5652	7221	53
5310	11690	421
12721	2907	1122
6129	14773	624
12872	1751	935
6183	733	935
13423	4549	461
9193	4688	1096
14471	3227	516
1589	5590	53
11196	7374	844
7737	8269	721
2828	3386	842
11099	8882	935
8876	6856	53
4	12665	508
8269	10676	86
14923	6856	1096
7830	7830	490
7195	6547	381
12595	13874	93
10496	552	844
12518	14624	1207
4367	10193	875
5910	13232	1111
12105	12223	514
5519	3839	1275
9396	3959	875
7859	4575	624
8935	794	826
14544	4643	516
6230	7555	13
1182	7964	368
692	7374	844
7779	6171	65
6331	1467	1142
3969	733	935
2059	3325	318
9972	106	65
9102	4832	1053
12589	4358	180
398	11892	308
11605	1972	1088
6540	980	93
10759	13687	52
7963	9040	30
4616	2409	887
5358	919	193
5080	470	684
2936	13088	1138
2890	12153	390
11024	41	1122
5258	9834	1111
8034	14917	1124
2654	6727	296
6981	5638	193
4365	5590	421
2827	9612	1122
8286	7354	1164
365	5516	472
4943	14458	933
5331	12183	844
9863	2801	1328
5722	12196	280
14431	11875	74
14714	9872	1164
2433	10861	160
2351	10562	180
1831	1256	1207
6546	14702	407
5861	3453	565
2395	13588	294
2674	8482	530
11224	5590	53
8325	12439	1064
13591	1440	900
8269	4155	86
3805	6692	1296
11194	2108	1014
12230	3374	429
8724	8269	721
5707	6930	1278
8470	12419	93
1060	7868	614
5069	2190	1111
5908	3374	1058
10816	14939	1260
11659	13147	1213
494	7374	844
3	2471	44
5358	12419	193
5718	1266	269
5212	12937	180
470	5402	42
4783	4535	910
9781	10037	86
2404	4138	74
14612	13534	970
13222	5891	1142
9566	6547	387
12795	8803	1207
2220	14422	380
7685	664	183
11647	12423	495
13215	3325	56
6685	1262	242
5983	12182	1088
11368	12499	853
7785	11234	910
8248	14458	1053
5574	470	684
8516	9781	721
6781	13646	723
11669	8564	814
10405	12885	1122
3925	2407	425
10382	7555	381
14138	12087	1053
2119	12766	246
6798	8267	733
5326	631	354
3075	5590	53
11732	14078	104
1432	8679	624
6664	3325	56
12284	2713	136
5218	3538	1111
14045	8454	1014
738	8939	1096
6586	10693	1164
3290	9474	416
9788	4878	1199
5861	5988	1226
2633	14421	242
6658	8403	595
231	12507	65
9774	920	1340
12912	11444	1317
11610	7048	624
6507	11622	1263
3443	7524	1079
3563	851	597
452	4522	579
1095	549	622
2509	10947	1259
2954	5590	53
6217	14810	542
2993	4907	308
14644	6860	1142
4937	14176	1227
3158	9966	511
10376	5313	1296
7630	3325	946
6316	13088	1138
11258	4305	1111
4966	8621	925
4	1440	508
7789	4078	1159
9701	6318	1007
8249	9183	136
12432	11429	1273
4917	8635	1014
3982	733	935
4804	3559	136
3966	2207	384
12795	3137	450
11333	14416	525
4415	3647	508
6819	11334	93
9389	4358	180
2344	326	3
7555	7451	665
8437	4302	1149
13200	7658	761
9407	3325	902
3452	8269	721
8682	5655	1147
8127	11641	589
14933	4288	354
343	4218	1259
470	13420	42
14045	4892	853
2565	11624	65
2512	9670	1142
5993	7297	1296
12754	733	935
4147	5991	516
7834	4727	30
3972	14326	1334
5369	4082	826
14421	6605	65
10150	14132	136
2171	8811	1122
4664	14764	1138
13695	3968	421
9863	2344	472
4746	7036	246
6780	14231	805
2987	4	565
9149	107	971
5069	8219	624
1719	6086	624
2258	8357	935
7854	9688	588
12495	9163	1096
7221	6354	85
818	4586	308
111	7956	1111
13818	12912	136
12426	8682	265
13948	7023	788
4697	4822	93
3250	12223	976
5667	12306	1142
4256	11586	844
10515	1367	589
13258	9954	516
3708	10752	85
10912	4810	1142
1517	9774	624
10042	9620	700
13860	7555	887
13780	10917	1226
2029	14485	384
8057	4415	565
3258	8394	844
8493	5590	1096
5174	11219	136
12890	9207	1164
6985	9023	1328
12084	5569	85
4218	1830	421
8371	3517	1214
9002	3198	136
11698	11117	844
13588	6501	470
1704	8737	851
1661	11952	60
8137	11723	104
2536	3321	1328
7214	208	673
11258	13616	1111
10236	4423	1088
8966	6000	1263
10937	11873	180
11248	4518	1013
711	5779	875
7433	7360	1226
7688	3457	1096
4535	8718	548
6924	6309	1053
8299	10643	200
4037	7417	354
12230	10440	429
8269	1978	86
595	46	1122
5174	12058	923
11357	7055	814
7555	4283	665
11703	14240	1275
8327	2204	1122
1226	6002	1004
8410	13980	1296
4856	11330	1088
10035	13005	1142
12277	353	589
5077	558	969
4861	9781	721
10780	4	565
10909	1972	1088
8269	3053	86
8413	12619	624
6254	1003	1035
4916	9781	721
3708	8608	52
1530	13001	530
6374	1192	76
14342	895	892
6285	1076	508
14537	12631	1201
947	1824	745
13678	13114	622
4358	2965	1168
13350	807	635
1216	9097	1008
8932	3325	637
3920	10167	495
7176	10919	1014
2119	3426	246
6962	12933	1278
7806	14132	1142
13204	9341	1111
10683	9151	648
13561	2146	910
9482	5330	1096
12781	8654	421
12162	3009	118
12770	7106	265
3876	8479	1122
10011	4666	635
845	11690	316
12643	5590	1096
761	3453	565
9778	10092	802
12329	6443	65
6656	13031	1201
7585	1496	508
14745	2313	600
932	9680	93
3830	470	684
2574	4185	751
8121	10505	1058
695	12084	1096
243	495	875
11599	9163	1096
4677	14906	1321
5403	7370	1122
14004	5983	65
11111	13447	910
1136	3445	494
10359	7954	508
2028	12229	368
470	1926	42
14090	8645	635
11946	10509	1122
4957	8124	1263
6532	6976	1142
13152	4985	993
1400	10627	1171
4626	3166	429
6554	9081	1316
9932	6431	459
4701	3325	1203
9641	5412	1226
7285	8627	354
6580	2742	511
3880	7555	192
4371	6134	1263
1079	5590	53
4746	11585	83
9363	2249	1278
12230	10782	429
14592	12832	1142
8871	2119	387
10892	2462	65
11610	10357	624
10311	10285	751
1325	13475	1122
8463	6856	421
12050	5036	429
4	5879	508
7031	3509	511
53	14022	118
10090	12733	390
468	11219	1142
1367	3052	751
8299	14912	589
12748	14092	594
11568	12223	488
7635	6227	336
2333	230	553
774	4505	1340
10203	14342	624
827	8599	971
5305	10389	745
7730	12373	319
11626	1814	516
13285	5305	1088
9375	2683	624
6007	3822	1111
11448	4697	516
13407	12664	93
2350	12937	316
14065	6864	1111
10212	9511	991
3311	7351	516
2535	1117	1042
2316	220	1088
2162	10861	844
4012	2720	241
1621	2368	143
7725	10877	1096
5910	9271	1111
4521	3194	368
10465	5084	284
1964	12536	589
5434	6856	1096
932	5158	93
14382	8387	887
7467	1107	136
9567	7374	844
5590	1440	312
7374	3978	65
6409	5836	1263
2029	1290	968
11903	8199	472
10367	10665	269
8621	237	1168
1488	305	104
3873	9035	565
4821	733	935
13546	14074	648
2126	11725	298
8130	5590	748
1857	107	355
2849	5354	520
6756	7701	1142
10865	6507	520
3060	5330	1096
86	6545	814
4732	192	195
1448	7114	37
6565	7105	1263
2260	13248	456
3670	11673	440
10849	10504	1156
13569	1381	589
12744	1558	1142
7812	7277	296
8260	8511	875
4861	2670	143
11549	6496	1128
4943	12913	42
4684	301	624
6384	2694	1226
4783	6496	1128
2727	14389	991
2903	12795	296
11576	8608	52
11762	2909	204
8501	13591	1079
2527	8269	721
9719	13586	589
9402	10476	477
8269	236	86
2608	3534	296
7524	2304	858
813	2885	1296
8903	3569	922
11409	6196	368
1648	3227	58
12631	3914	589
2500	6249	459
11138	1674	298
7923	3405	875
217	9478	1142
2699	11947	1004
12744	6846	1142
3517	1150	251
10999	12223	488
9252	14837	1226
2368	11129	143
1903	3418	844
9793	14104	136
10040	4746	387
83	6039	265
1247	2666	333
9539	7285	78
5358	11338	193
8943	4164	1104
3340	3171	858
10906	1817	1122
8231	11046	624
3289	8808	461
10861	3805	65
2070	12654	1142
692	14046	923
7545	5590	53
13663	6856	53
2674	8678	470
3800	5960	1207
8533	14736	1142
2536	966	193
1242	4276	143
8476	7157	168
1295	294	565
1748	452	1273
7171	12095	516
4456	7544	700
13667	6409	368
3994	9599	1111
13651	11005	1088
12400	5047	856
8868	5590	748
11793	14398	565
7162	12194	653
2147	9095	982
12832	5765	624
3791	3866	508
9284	4603	1142
10041	6984	773
1232	6485	1270
11450	7548	991
8144	13877	936
4023	12862	751
14132	8625	1111
14544	3635	1142
599	3325	601
11253	11669	471
11657	8797	355
11112	4423	1088
5115	10763	624
470	2204	42
9009	7390	62
4256	605	870
9581	6702	745
8997	8693	1340
8924	14580	1260
13321	2086	1122
10156	1533	1273
418	8464	421
10971	9791	751
6459	12223	514
8883	10329	1014
14554	14422	1053
6869	10479	516
12293	4661	120
9261	13997	1226
9843	2260	1263
9093	11487	1122
6781	1788	376
10631	7867	341
1281	14326	1334
9091	4188	565
834	10146	1164
1794	220	1088
7648	7811	225
5872	4684	1142
13941	14672	793
6301	13973	866
2642	9571	355
9754	3325	1
4684	9507	1111
14638	10346	520
13196	5423	1226
4006	11684	624
5938	503	1111
7660	4851	421
10716	553	136
102	708	472
176	8511	136
3930	13262	1088
7374	10098	65
643	1117	1226
4771	7701	1142
13212	4	565
8191	3059	1144
11074	13147	1213
13353	11078	1008
4355	5225	589
7802	733	553
8403	6014	530
1012	12652	1122
13344	9329	195
11479	2158	859
3892	10243	296
6441	4723	1042
8260	10940	355
14570	4300	425
7539	14942	751
10902	3679	1001
3673	13591	845
14484	9034	844
7003	14897	1014
6983	10980	748
2946	1470	595
6680	5525	880
14485	3764	853
3197	8724	93
5254	10504	1238
8269	11600	86
4874	14525	875
5712	4651	1111
5773	5498	1177
6759	12526	1014
6730	3347	143
3825	14132	136
807	6354	845
3989	10504	810
13117	10054	725
12161	5699	1142
12217	7701	1142
3318	8129	1246
13694	5776	712
6083	14588	508
11698	6856	1096
470	4460	42
12154	697	93
706	430	1263
14004	9917	814
4615	6574	1122
211	7476	751
11068	1177	1075
13265	13591	845
14211	13083	1014
5859	726	875
4048	12245	1005
3528	7585	565
11448	4055	611
5314	13614	648
3332	10646	923
12348	3911	1096
9369	11274	565
11747	14500	1122
5993	8645	1096
7242	9948	508
7374	2969	65
5888	1956	589
1732	7969	1088
9211	7549	5
2	9552	241
3785	553	1142
8602	711	1263
208	7888	966
7782	7730	1340
12041	5732	969
7412	1280	93
11869	8785	844
3457	8774	52
13525	3774	1122
2280	763	1096
6205	12230	892
7590	14448	1226
6782	5530	1226
12972	9390	508
5759	4212	597
14679	2018	1122
10847	12223	832
6862	7555	887
12423	8165	624
4107	6007	875
3022	12223	488
6710	7003	875
3383	5358	595
12328	12872	511
1038	11523	622
10203	6425	853
10241	9316	508
2787	3319	1058
8299	11112	597
14599	5590	53
4099	14533	143
14050	2565	844
1767	12764	635
7890	1310	470
11901	2199	875
11610	6970	624
1769	10241	565
11472	1799	712
4746	6802	246
7078	1039	619
6131	2713	1142
1295	6083	565
10723	10723	140
980	7006	516
13355	9885	1226
2299	740	877
6083	9235	508
3238	13011	1164
6704	8778	1226
2758	1566	1142
774	1	1122
6577	3197	516
10276	14496	625
1569	9377	508
1470	5638	3
12481	14591	1122
5354	14136	384
1153	3325	902
14905	12153	1096
2451	3501	1053
2017	10648	589
10888	11643	877
11517	5988	89
13534	14113	648
5149	5590	53
13457	8559	518
5823	6872	565
13974	8385	384
14738	5708	1226
11063	6547	381
6205	13088	1138
7112	13491	604
13130	3457	1180
2567	12832	384
13694	9069	712
10723	12977	1058
4806	1840	527
4656	13511	516
14062	14399	1296
2944	4746	887
5315	11868	463
4326	2578	947
3398	92	76
5611	7242	189
362	5988	1340
4085	12891	565
607	5808	751
3563	11292	200
11231	11403	3
12011	3457	635
6726	12084	390
5123	11005	1088
7348	10119	508
11342	4746	387
6458	6708	3
11231	5638	3
13500	7529	85
1261	7969	1088
3720	10952	277
2515	13204	1142
8250	1531	1053
14300	10861	844
3077	14905	1226
14450	947	1088
172	10077	1263
13824	13088	1138
7555	7267	246
9892	6547	387
1467	5110	624
3556	13088	1138
7982	7529	231
6083	842	508
5891	3041	1111
11231	4498	3
13136	4688	1096
1127	11357	242
10933	10001	725
13525	14145	1122
8354	10231	595
5903	3044	429
7331	3046	8
5776	3800	296
10090	14049	390
4407	11526	459
5763	11198	890
4823	13667	624
1997	3325	946
12288	2099	329
9768	13321	624
3053	158	1053
3349	14775	54
9759	1731	1096
2238	2815	892
8682	14716	1147
2263	11005	1088
10895	2674	595
5069	9638	1111
12501	3046	8
877	11411	856
11524	9081	1316
6062	8269	721
8682	12637	1147
7869	1527	578
1676	14764	1138
11105	7555	381
4624	1785	1164
5240	10100	1111
12245	13482	334
10116	5287	1122
11340	3495	1111
11606	1686	1201
2249	4	565
7185	8734	624
5565	9781	721
8706	3443	1096
6098	11790	954
9507	12915	991
2754	13357	648
5411	11298	1142
11945	11599	589
12649	1934	751
11085	12937	953
11108	3708	1096
5590	6599	261
6654	9331	1122
7273	7374	844
5173	5867	136
12813	4358	991
9476	8549	989
13046	9666	853
835	10103	751
8393	13274	1149
7363	5590	748
8592	9009	160
1656	1076	853
14495	8357	935
8393	3005	1045
6191	11963	1042
7529	4863	786
10629	11925	495
6547	5995	665
1136	7865	1278
3390	13005	1142
8833	10905	875
12316	2595	1226
5326	13591	845
3144	7081	1122
724	947	1088
4088	8386	1142
13172	552	844
13672	5692	1278
1228	112	1176
2164	13921	589
12026	11345	508
13046	950	853
1744	2732	699
10905	3495	1111
11495	9675	751
8647	7862	3
1358	12636	751
11330	8729	745
12152	398	1278
14890	3325	946
6734	9253	1122
4643	11220	93
9144	6708	751
937	3791	565
2344	8855	472
6726	6354	1090
11403	6981	484
470	12962	42
5385	4	565
2415	2852	118
1804	13170	1226
2350	13985	316
2197	5891	136
10676	294	565
5755	10032	1168
10732	905	296
4470	1413	587
232	4531	805
6025	6323	1226
11247	1041	180
5358	1530	472
11899	7719	242
3673	6768	421
4358	9699	1168
13285	1920	1171
9638	2713	136
3625	13678	579
9917	905	296
12152	4341	74
133	14933	1096
7995	11368	1142
8169	8019	1296
4026	3559	495
10771	2257	1122
5847	10048	199
11224	6345	143
8199	6985	530
8304	8795	963
5349	7374	844
4	2133	508
2382	8813	74
1492	14398	565
6340	5812	624
